#format table ## [Custom WaveView] saved 22:59:01 Tue Mar 12 2024
XVAL ,i(vds):0:vgs=0 ,i(vds):0:vgs=300m ,i(vds):0:vgs=600m ,i(vds):0:vgs=900m ,i(vds):0:vgs=1.2 ,i(vds):0:vgs=1.5 ,i(vds):0:vgs=1.8 
 0.000E+00 , 0.000E+00 , 0.000E+00 , 0.000E+00 , 0.000E+00 , 0.000E+00 , 0.000E+00 , 0.000E+00 
 5.000E-02 ,-9.434E-13 ,-1.056E-09 ,-5.160E-07 ,-7.591E-06 ,-1.530E-05 ,-2.103E-05 ,-2.540E-05 
 1.000E-01 ,-1.265E-12 ,-1.373E-09 ,-7.079E-07 ,-1.322E-05 ,-2.830E-05 ,-3.976E-05 ,-4.857E-05 
 1.500E-01 ,-1.427E-12 ,-1.506E-09 ,-7.876E-07 ,-1.717E-05 ,-3.919E-05 ,-5.634E-05 ,-6.964E-05 
 2.000E-01 ,-1.545E-12 ,-1.586E-09 ,-8.319E-07 ,-1.979E-05 ,-4.814E-05 ,-7.089E-05 ,-8.873E-05 
 2.500E-01 ,-1.646E-12 ,-1.646E-09 ,-8.628E-07 ,-2.146E-05 ,-5.531E-05 ,-8.353E-05 ,-1.059E-04 
 3.000E-01 ,-1.738E-12 ,-1.697E-09 ,-8.874E-07 ,-2.255E-05 ,-6.088E-05 ,-9.437E-05 ,-1.213E-04 
 3.500E-01 ,-1.827E-12 ,-1.743E-09 ,-9.086E-07 ,-2.331E-05 ,-6.510E-05 ,-1.035E-04 ,-1.350E-04 
 4.000E-01 ,-1.912E-12 ,-1.785E-09 ,-9.277E-07 ,-2.387E-05 ,-6.822E-05 ,-1.111E-04 ,-1.470E-04 
 4.500E-01 ,-1.996E-12 ,-1.826E-09 ,-9.454E-07 ,-2.431E-05 ,-7.055E-05 ,-1.172E-04 ,-1.574E-04 
 5.000E-01 ,-2.078E-12 ,-1.865E-09 ,-9.622E-07 ,-2.468E-05 ,-7.230E-05 ,-1.221E-04 ,-1.663E-04 
 5.500E-01 ,-2.160E-12 ,-1.904E-09 ,-9.784E-07 ,-2.499E-05 ,-7.367E-05 ,-1.259E-04 ,-1.737E-04 
 6.000E-01 ,-2.241E-12 ,-1.941E-09 ,-9.939E-07 ,-2.527E-05 ,-7.477E-05 ,-1.289E-04 ,-1.799E-04 
 6.500E-01 ,-2.322E-12 ,-1.978E-09 ,-1.009E-06 ,-2.552E-05 ,-7.569E-05 ,-1.312E-04 ,-1.849E-04 
 7.000E-01 ,-2.403E-12 ,-2.015E-09 ,-1.024E-06 ,-2.575E-05 ,-7.647E-05 ,-1.332E-04 ,-1.889E-04 
 7.500E-01 ,-2.483E-12 ,-2.051E-09 ,-1.039E-06 ,-2.597E-05 ,-7.715E-05 ,-1.347E-04 ,-1.922E-04 
 8.000E-01 ,-2.563E-12 ,-2.087E-09 ,-1.053E-06 ,-2.617E-05 ,-7.776E-05 ,-1.361E-04 ,-1.949E-04 
 8.500E-01 ,-2.643E-12 ,-2.123E-09 ,-1.067E-06 ,-2.636E-05 ,-7.831E-05 ,-1.372E-04 ,-1.971E-04 
 9.000E-01 ,-2.723E-12 ,-2.159E-09 ,-1.081E-06 ,-2.654E-05 ,-7.880E-05 ,-1.383E-04 ,-1.990E-04 
 9.500E-01 ,-2.803E-12 ,-2.195E-09 ,-1.095E-06 ,-2.671E-05 ,-7.926E-05 ,-1.392E-04 ,-2.006E-04 
 1.000E+00 ,-2.883E-12 ,-2.231E-09 ,-1.109E-06 ,-2.687E-05 ,-7.969E-05 ,-1.400E-04 ,-2.021E-04 
 1.050E+00 ,-2.963E-12 ,-2.267E-09 ,-1.123E-06 ,-2.703E-05 ,-8.009E-05 ,-1.407E-04 ,-2.033E-04 
 1.100E+00 ,-3.043E-12 ,-2.303E-09 ,-1.137E-06 ,-2.719E-05 ,-8.046E-05 ,-1.414E-04 ,-2.044E-04 
 1.150E+00 ,-3.123E-12 ,-2.339E-09 ,-1.150E-06 ,-2.734E-05 ,-8.082E-05 ,-1.420E-04 ,-2.054E-04 
 1.200E+00 ,-3.203E-12 ,-2.375E-09 ,-1.164E-06 ,-2.749E-05 ,-8.116E-05 ,-1.426E-04 ,-2.063E-04 
 1.250E+00 ,-3.283E-12 ,-2.411E-09 ,-1.177E-06 ,-2.763E-05 ,-8.148E-05 ,-1.431E-04 ,-2.072E-04 
 1.300E+00 ,-3.364E-12 ,-2.447E-09 ,-1.191E-06 ,-2.777E-05 ,-8.180E-05 ,-1.437E-04 ,-2.079E-04 
 1.350E+00 ,-3.444E-12 ,-2.484E-09 ,-1.205E-06 ,-2.791E-05 ,-8.210E-05 ,-1.441E-04 ,-2.087E-04 
 1.400E+00 ,-3.525E-12 ,-2.521E-09 ,-1.218E-06 ,-2.804E-05 ,-8.239E-05 ,-1.446E-04 ,-2.094E-04 
 1.450E+00 ,-3.606E-12 ,-2.557E-09 ,-1.232E-06 ,-2.818E-05 ,-8.267E-05 ,-1.451E-04 ,-2.100E-04 
 1.500E+00 ,-3.687E-12 ,-2.595E-09 ,-1.245E-06 ,-2.831E-05 ,-8.294E-05 ,-1.455E-04 ,-2.106E-04 
 1.550E+00 ,-3.768E-12 ,-2.632E-09 ,-1.259E-06 ,-2.844E-05 ,-8.320E-05 ,-1.459E-04 ,-2.112E-04 
 1.600E+00 ,-3.849E-12 ,-2.669E-09 ,-1.273E-06 ,-2.856E-05 ,-8.346E-05 ,-1.463E-04 ,-2.117E-04 
 1.650E+00 ,-3.931E-12 ,-2.707E-09 ,-1.286E-06 ,-2.869E-05 ,-8.371E-05 ,-1.467E-04 ,-2.122E-04 
 1.700E+00 ,-4.013E-12 ,-2.746E-09 ,-1.300E-06 ,-2.882E-05 ,-8.396E-05 ,-1.470E-04 ,-2.127E-04 
 1.750E+00 ,-4.096E-12 ,-2.785E-09 ,-1.314E-06 ,-2.894E-05 ,-8.420E-05 ,-1.474E-04 ,-2.132E-04 
 1.800E+00 ,-4.179E-12 ,-2.824E-09 ,-1.328E-06 ,-2.907E-05 ,-8.444E-05 ,-1.477E-04 ,-2.137E-04 
 1.850E+00 ,-4.262E-12 ,-2.864E-09 ,-1.343E-06 ,-2.920E-05 ,-8.467E-05 ,-1.481E-04 ,-2.141E-04 
 1.900E+00 ,-4.346E-12 ,-2.904E-09 ,-1.357E-06 ,-2.932E-05 ,-8.491E-05 ,-1.484E-04 ,-2.146E-04 
 1.950E+00 ,-4.431E-12 ,-2.946E-09 ,-1.372E-06 ,-2.945E-05 ,-8.514E-05 ,-1.487E-04 ,-2.150E-04 
 2.000E+00 ,-4.516E-12 ,-2.988E-09 ,-1.387E-06 ,-2.958E-05 ,-8.538E-05 ,-1.490E-04 ,-2.154E-04 
